layer window        0        3  haz        0        3 melt_depth        4
path start    -80.0      0.0 end    180.0      0.0 block        0      100        0        7 
path start    180.0      5.0 end    -80.0      5.0 block        0      100        0       12 
path start    -80.0     10.0 end    180.0     10.0 block        0      100        3       17 
path start    180.0     15.0 end    -80.0     15.0 block        0      100        8       22 
path start    -80.0     20.0 end    180.0     20.0 block        0      100       13       27 
path start    180.0     25.0 end    -80.0     25.0 block        0      100       18       32 
path start    -80.0     30.0 end    180.0     30.0 block        0      100       23       37 
path start    180.0     35.0 end    -80.0     35.0 block        0      100       28       42 
path start    -80.0     40.0 end    180.0     40.0 block        0      100       33       47 
path start    180.0     45.0 end    -80.0     45.0 block        0      100       38       52 
path start    -80.0     50.0 end    180.0     50.0 block        0      100       43       57 
path start    180.0     55.0 end    -80.0     55.0 block        0      100       48       62 
path start    -80.0     60.0 end    180.0     60.0 block        0      100       53       67 
path start    180.0     65.0 end    -80.0     65.0 block        0      100       58       72 
path start    -80.0     70.0 end    180.0     70.0 block        0      100       63       77 
path start    180.0     75.0 end    -80.0     75.0 block        0      100       68       82 
path start    -80.0     80.0 end    180.0     80.0 block        0      100       73       87 
path start    180.0     85.0 end    -80.0     85.0 block        0      100       78       92 
path start    -80.0     90.0 end    180.0     90.0 block        0      100       83       97 
path start    180.0     95.0 end    -80.0     95.0 block        0      100       88      102 
path start    -80.0    100.0 end    180.0    100.0 block        0      100       93      107 
path start    180.0    105.0 end    -80.0    105.0 block        0      100       98      112 
path start    -80.0    110.0 end    180.0    110.0 block        0      100      103      117 
path start    180.0    115.0 end    -80.0    115.0 block        0      100      108      122 
path start    -80.0    120.0 end    180.0    120.0 block        0      100      113      127 
path start    180.0    125.0 end    -80.0    125.0 block        0      100      118      132 
path start    -80.0    130.0 end    180.0    130.0 block        0      100      123      137 
path start    180.0    135.0 end    -80.0    135.0 block        0      100      128      142 
path start    -80.0    140.0 end    180.0    140.0 block        0      100      133      147 
path start    180.0    145.0 end    -80.0    145.0 block        0      100      138      152 
path start    -80.0    150.0 end    180.0    150.0 block        0      100      143      157 
path start    180.0    155.0 end    -80.0    155.0 block        0      100      148      162 
path start    -80.0    160.0 end    180.0    160.0 block        0      100      153      167 
path start    180.0    165.0 end    -80.0    165.0 block        0      100      158      172 
path start    -80.0    170.0 end    180.0    170.0 block        0      100      163      177 
path start    180.0    175.0 end    -80.0    175.0 block        0      100      168      182 
path start    -80.0    180.0 end    180.0    180.0 block        0      100      173      187 
path start    180.0    185.0 end    -80.0    185.0 block        0      100      178      192 
path start    -80.0    190.0 end    180.0    190.0 block        0      100      183      197 
path start    180.0    195.0 end    -80.0    195.0 block        0      100      188      202 
path start    -80.0    200.0 end    180.0    200.0 block        0      100      193      207 
path start    180.0    205.0 end    -80.0    205.0 block        0      100      198      212 
path start    -80.0    210.0 end    180.0    210.0 block        0      100      203      217 
path start    180.0    215.0 end    -80.0    215.0 block        0      100      208      222 
path start    -80.0    220.0 end    180.0    220.0 block        0      100      213      227 
path start    180.0    225.0 end    -80.0    225.0 block        0      100      218      232 
path start    -80.0    230.0 end    180.0    230.0 block        0      100      223      237 
path start    180.0    235.0 end    -80.0    235.0 block        0      100      228      242 
path start    -80.0    240.0 end    180.0    240.0 block        0      100      233      247 
path start    180.0    245.0 end    -80.0    245.0 block        0      100      238      252 
path start    -80.0    250.0 end    180.0    250.0 block        0      100      243      257 
path start    180.0    255.0 end    -80.0    255.0 block        0      100      248      262 
path start    -80.0    260.0 end    180.0    260.0 block        0      100      253      267 
path start    180.0    265.0 end    -80.0    265.0 block        0      100      258      272 
path start    -80.0    270.0 end    180.0    270.0 block        0      100      263      277 
path start    180.0    275.0 end    -80.0    275.0 block        0      100      268      280 
path start    -80.0    280.0 end    180.0    280.0 block        0      100      273      280 
layer window        3        6  haz        1        6 melt_depth        4
path start      0.0    360.0 end      0.0    -80.0 block        0        7        0      280 
path start      5.0    -80.0 end      5.0    360.0 block        0       12        0      280 
path start     10.0    360.0 end     10.0    -80.0 block        3       17        0      280 
path start     15.0    -80.0 end     15.0    360.0 block        8       22        0      280 
path start     20.0    360.0 end     20.0    -80.0 block       13       27        0      280 
path start     25.0    -80.0 end     25.0    360.0 block       18       32        0      280 
path start     30.0    360.0 end     30.0    -80.0 block       23       37        0      280 
path start     35.0    -80.0 end     35.0    360.0 block       28       42        0      280 
path start     40.0    360.0 end     40.0    -80.0 block       33       47        0      280 
path start     45.0    -80.0 end     45.0    360.0 block       38       52        0      280 
path start     50.0    360.0 end     50.0    -80.0 block       43       57        0      280 
path start     55.0    -80.0 end     55.0    360.0 block       48       62        0      280 
path start     60.0    360.0 end     60.0    -80.0 block       53       67        0      280 
path start     65.0    -80.0 end     65.0    360.0 block       58       72        0      280 
path start     70.0    360.0 end     70.0    -80.0 block       63       77        0      280 
path start     75.0    -80.0 end     75.0    360.0 block       68       82        0      280 
path start     80.0    360.0 end     80.0    -80.0 block       73       87        0      280 
path start     85.0    -80.0 end     85.0    360.0 block       78       92        0      280 
path start     90.0    360.0 end     90.0    -80.0 block       83       97        0      280 
path start     95.0    -80.0 end     95.0    360.0 block       88      100        0      280 
path start    100.0    360.0 end    100.0    -80.0 block       93      100        0      280 
layer window        6        9  haz        4        9 melt_depth        4
path start    180.0    280.0 end    -80.0    280.0 block        0      100      273      280 
path start    -80.0    275.0 end    180.0    275.0 block        0      100      268      280 
path start    180.0    270.0 end    -80.0    270.0 block        0      100      263      277 
path start    -80.0    265.0 end    180.0    265.0 block        0      100      258      272 
path start    180.0    260.0 end    -80.0    260.0 block        0      100      253      267 
path start    -80.0    255.0 end    180.0    255.0 block        0      100      248      262 
path start    180.0    250.0 end    -80.0    250.0 block        0      100      243      257 
path start    -80.0    245.0 end    180.0    245.0 block        0      100      238      252 
path start    180.0    240.0 end    -80.0    240.0 block        0      100      233      247 
path start    -80.0    235.0 end    180.0    235.0 block        0      100      228      242 
path start    180.0    230.0 end    -80.0    230.0 block        0      100      223      237 
path start    -80.0    225.0 end    180.0    225.0 block        0      100      218      232 
path start    180.0    220.0 end    -80.0    220.0 block        0      100      213      227 
path start    -80.0    215.0 end    180.0    215.0 block        0      100      208      222 
path start    180.0    210.0 end    -80.0    210.0 block        0      100      203      217 
path start    -80.0    205.0 end    180.0    205.0 block        0      100      198      212 
path start    180.0    200.0 end    -80.0    200.0 block        0      100      193      207 
path start    -80.0    195.0 end    180.0    195.0 block        0      100      188      202 
path start    180.0    190.0 end    -80.0    190.0 block        0      100      183      197 
path start    -80.0    185.0 end    180.0    185.0 block        0      100      178      192 
path start    180.0    180.0 end    -80.0    180.0 block        0      100      173      187 
path start    -80.0    175.0 end    180.0    175.0 block        0      100      168      182 
path start    180.0    170.0 end    -80.0    170.0 block        0      100      163      177 
path start    -80.0    165.0 end    180.0    165.0 block        0      100      158      172 
path start    180.0    160.0 end    -80.0    160.0 block        0      100      153      167 
path start    -80.0    155.0 end    180.0    155.0 block        0      100      148      162 
path start    180.0    150.0 end    -80.0    150.0 block        0      100      143      157 
path start    -80.0    145.0 end    180.0    145.0 block        0      100      138      152 
path start    180.0    140.0 end    -80.0    140.0 block        0      100      133      147 
path start    -80.0    135.0 end    180.0    135.0 block        0      100      128      142 
path start    180.0    130.0 end    -80.0    130.0 block        0      100      123      137 
path start    -80.0    125.0 end    180.0    125.0 block        0      100      118      132 
path start    180.0    120.0 end    -80.0    120.0 block        0      100      113      127 
path start    -80.0    115.0 end    180.0    115.0 block        0      100      108      122 
path start    180.0    110.0 end    -80.0    110.0 block        0      100      103      117 
path start    -80.0    105.0 end    180.0    105.0 block        0      100       98      112 
path start    180.0    100.0 end    -80.0    100.0 block        0      100       93      107 
path start    -80.0     95.0 end    180.0     95.0 block        0      100       88      102 
path start    180.0     90.0 end    -80.0     90.0 block        0      100       83       97 
path start    -80.0     85.0 end    180.0     85.0 block        0      100       78       92 
path start    180.0     80.0 end    -80.0     80.0 block        0      100       73       87 
path start    -80.0     75.0 end    180.0     75.0 block        0      100       68       82 
path start    180.0     70.0 end    -80.0     70.0 block        0      100       63       77 
path start    -80.0     65.0 end    180.0     65.0 block        0      100       58       72 
path start    180.0     60.0 end    -80.0     60.0 block        0      100       53       67 
path start    -80.0     55.0 end    180.0     55.0 block        0      100       48       62 
path start    180.0     50.0 end    -80.0     50.0 block        0      100       43       57 
path start    -80.0     45.0 end    180.0     45.0 block        0      100       38       52 
path start    180.0     40.0 end    -80.0     40.0 block        0      100       33       47 
path start    -80.0     35.0 end    180.0     35.0 block        0      100       28       42 
path start    180.0     30.0 end    -80.0     30.0 block        0      100       23       37 
path start    -80.0     25.0 end    180.0     25.0 block        0      100       18       32 
path start    180.0     20.0 end    -80.0     20.0 block        0      100       13       27 
path start    -80.0     15.0 end    180.0     15.0 block        0      100        8       22 
path start    180.0     10.0 end    -80.0     10.0 block        0      100        3       17 
path start    -80.0      5.0 end    180.0      5.0 block        0      100        0       12 
path start    180.0      0.0 end    -80.0      0.0 block        0      100        0        7 
layer window        9       12  haz        7       12 melt_depth        4
path start    100.0    -80.0 end    100.0    360.0 block       93      100        0      280 
path start     95.0    360.0 end     95.0    -80.0 block       88      100        0      280 
path start     90.0    -80.0 end     90.0    360.0 block       83       97        0      280 
path start     85.0    360.0 end     85.0    -80.0 block       78       92        0      280 
path start     80.0    -80.0 end     80.0    360.0 block       73       87        0      280 
path start     75.0    360.0 end     75.0    -80.0 block       68       82        0      280 
path start     70.0    -80.0 end     70.0    360.0 block       63       77        0      280 
path start     65.0    360.0 end     65.0    -80.0 block       58       72        0      280 
path start     60.0    -80.0 end     60.0    360.0 block       53       67        0      280 
path start     55.0    360.0 end     55.0    -80.0 block       48       62        0      280 
path start     50.0    -80.0 end     50.0    360.0 block       43       57        0      280 
path start     45.0    360.0 end     45.0    -80.0 block       38       52        0      280 
path start     40.0    -80.0 end     40.0    360.0 block       33       47        0      280 
path start     35.0    360.0 end     35.0    -80.0 block       28       42        0      280 
path start     30.0    -80.0 end     30.0    360.0 block       23       37        0      280 
path start     25.0    360.0 end     25.0    -80.0 block       18       32        0      280 
path start     20.0    -80.0 end     20.0    360.0 block       13       27        0      280 
path start     15.0    360.0 end     15.0    -80.0 block        8       22        0      280 
path start     10.0    -80.0 end     10.0    360.0 block        3       17        0      280 
path start      5.0    360.0 end      5.0    -80.0 block        0       12        0      280 
path start      0.0    -80.0 end      0.0    360.0 block        0        7        0      280 
